28629
28455
8165
14013
28274
153319
40916
184279
32094
1688
184275
50824
14101
147638
13526
15481
178679
141259
56179
28947
13926
188396
73964
70296
31460
9015
67486
17757
16690
646
128469
726
29236
140761
145482
16410
20376
8178
181970
8427
11200
31675
18350
76869
13939
28052
39395
56915
9536
9552
8166
13730
8869
9486
191450
108257
168564
162683
56304
30848
182778
56778
139989
7369
1509
177697
189084
128491
107820
173101
38764
8572
752
14833
189152
63396
177577
11353
16060
5314
162660
167699
37397
31708
148996
2097
56830
5690
39324
28780
1562
107843
183799
187457
38293
18683
9485
181832
7719
814
106147
5020
193449
2957
15856
158683
11299
179887
84591
1691
11130
9362
76939
7941
67971
16089
104667
39199
11082
44834
78200
51701
167067
31792
18282
19710
28601
20447
158515
164807
2098
13871
106136
184206
178705
68054
15707
53340
13692
10949
167354
67099
54677
5420
734
25295
29958
2008
20022
153680
1017
137839
70231
54634
177122
173563
1169
197798
18922
70357
20569
184557
932
9627
20537
106180
16170
38473
70826
183904
13946
5573
14953
2126
166513
8039
9614
5727
14931
18669
80573
10636
50525
13814
176643
176736
9002
84592
165939
149487
158410
5887
68487
72036
136294
3165
13628
7606
44850
183045
168297
187958
14772
179456
149200
183488
